400 800 17

500

0 2 36 16
0 43 49 10
0 398 29 10
1 2 37 10
1 58 19 19
1 80 35 6
1 284 47 2
1 399 41 3
2 3 38 7
2 4 23 13
2 103 43 19
3 71 44 3
3 262 48 8
3 289 16 16
4 8 29 16
4 39 27 17
4 268 49 14
5 6 29 3
5 164 18 2
5 191 40 14
6 7 49 1
6 8 32 7
6 104 42 18
7 8 40 14
7 373 45 12
8 27 23 10
8 184 32 6
8 231 20 7
9 87 19 6
9 120 25 9
9 271 43 9
9 318 27 3
10 44 41 10
10 191 42 17
10 349 30 7
10 391 36 4
11 13 25 16
11 105 18 1
12 13 48 16
12 14 29 19
12 79 39 1
13 160 20 10
13 288 28 9
13 364 37 19
14 16 20 3
14 261 23 3
15 16 29 8
15 19 38 18
15 399 20 6
16 136 27 11
16 204 44 15
16 294 16 19
16 296 19 12
17 19 38 9
17 167 35 13
17 307 31 18
18 20 19 18
18 333 37 9
19 31 45 2
19 86 20 6
19 229 47 12
20 21 39 13
20 22 45 9
21 22 36 1
21 175 39 10
22 24 42 8
22 143 28 9
22 294 34 7
23 25 19 16
23 176 23 17
23 257 28 16
23 361 48 19
24 26 42 2
24 59 36 14
24 107 40 7
24 355 16 1
25 27 44 7
25 30 19 9
25 191 49 11
25 200 48 15
25 352 28 12
26 82 20 15
26 352 29 4
27 33 48 10
27 93 27 5
27 335 21 17
28 29 47 6
28 30 37 15
29 30 31 16
29 31 45 11
30 31 20 10
30 32 37 1
31 33 21 8
31 242 30 15
31 375 22 4
32 75 27 8
32 105 24 2
32 384 20 8
32 394 40 2
33 35 22 19
33 160 34 2
33 176 40 1
34 35 19 4
34 255 26 10
34 282 16 13
34 286 30 19
34 348 48 17
35 36 49 10
35 37 24 14
35 115 36 9
36 71 46 1
36 100 18 14
36 212 31 18
36 231 30 13
37 38 42 1
37 67 23 3
38 40 20 8
38 129 40 8
38 386 20 2
39 40 35 19
39 276 43 4
39 327 23 2
40 41 16 1
40 111 30 14
41 79 20 16
41 346 33 15
42 44 29 15
42 163 43 7
42 228 35 16
43 44 19 9
43 278 19 17
44 46 27 3
44 390 48 6
45 47 36 18
45 277 41 19
46 47 21 14
46 48 19 5
46 240 46 8
46 287 17 7
47 49 17 12
47 114 45 14
48 50 19 2
48 57 42 17
48 151 30 14
48 227 17 3
49 50 35 10
49 51 48 19
49 220 45 15
50 52 42 6
50 339 22 10
50 398 29 15
51 310 40 14
51 382 16 16
52 54 20 10
52 234 29 14
52 241 16 17
52 318 17 18
52 345 38 7
53 54 16 15
53 55 36 18
54 55 36 10
54 56 18 2
54 201 37 5
55 153 41 12
55 226 33 17
55 239 32 15
55 390 18 7
56 58 23 14
56 267 43 17
57 58 29 16
57 340 28 11
58 59 46 1
58 151 23 8
58 209 49 1
59 79 30 4
59 197 29 9
59 307 40 5
59 377 27 19
60 62 37 3
60 108 46 1
60 335 28 15
61 73 16 5
61 80 22 8
61 84 22 9
61 133 17 14
61 399 47 7
62 63 44 18
62 160 28 6
62 344 34 15
63 65 49 17
63 126 16 5
64 65 40 9
64 191 25 2
65 84 44 9
65 239 22 3
65 292 42 5
66 67 39 7
66 68 39 1
67 69 43 13
67 329 26 16
68 155 36 18
68 301 30 13
69 70 35 2
69 71 47 7
70 96 48 10
70 102 35 12
71 73 33 3
71 293 16 13
71 388 36 3
72 74 19 8
72 347 40 11
73 75 28 7
74 75 47 15
74 158 17 19
74 261 40 10
75 76 32 10
75 135 32 8
76 77 43 13
76 141 27 6
76 227 19 5
77 79 17 17
77 202 18 6
77 224 25 2
77 339 49 15
78 79 36 1
78 80 29 17
79 259 26 17
79 291 36 12
80 227 41 19
81 82 46 12
81 231 27 8
82 167 23 7
82 308 23 11
82 376 33 16
83 122 18 4
83 265 29 15
83 329 45 7
83 332 22 16
84 86 34 1
85 241 30 3
85 365 28 9
85 377 24 9
86 88 20 19
86 109 32 16
86 181 21 19
87 89 37 8
87 175 23 19
87 230 33 8
87 289 18 18
88 96 26 14
88 194 18 2
88 237 18 10
88 292 39 2
89 90 17 11
89 102 26 3
89 145 25 13
89 261 26 4
90 116 23 3
90 256 25 9
90 347 40 8
91 104 47 17
91 112 28 8
91 120 27 8
91 187 36 11
91 355 43 15
92 93 35 15
92 104 32 9
93 94 40 3
93 392 37 13
94 96 27 5
94 377 48 12
94 380 46 12
95 169 21 1
95 250 27 1
96 98 35 7
96 395 33 4
97 99 25 13
97 381 31 12
98 99 32 9
98 100 43 11
99 101 24 4
99 113 34 12
99 300 27 18
99 341 32 14
100 102 41 2
101 102 21 17
101 103 32 6
102 103 41 3
102 156 26 4
103 138 33 13
103 288 30 11
104 113 16 16
104 121 32 1
104 395 35 18
105 107 23 17
106 108 24 15
106 154 16 4
106 314 29 12
107 177 29 9
107 211 40 13
107 244 48 7
107 251 47 19
108 110 38 15
108 113 23 3
109 111 25 8
110 111 46 11
110 112 49 18
111 112 28 11
111 162 34 1
112 114 37 12
112 248 34 17
113 374 23 13
114 115 38 15
114 225 42 19
115 169 33 18
115 184 24 3
116 224 17 5
116 269 40 13
116 333 33 13
117 118 39 17
117 119 34 10
117 249 17 4
117 322 22 19
118 119 22 19
118 254 33 18
119 177 17 5
119 224 24 17
119 225 29 16
119 298 25 5
120 122 22 14
120 393 46 14
121 122 43 12
121 334 40 11
122 124 38 8
122 327 38 6
122 349 42 5
123 324 26 1
123 359 34 9
124 125 45 15
124 126 19 13
124 141 26 14
125 127 26 2
125 262 46 8
125 339 32 16
125 353 25 16
126 127 38 10
126 260 16 16
127 128 25 6
127 255 34 8
127 374 40 7
128 129 39 7
128 177 24 6
129 130 43 9
129 178 38 13
130 131 26 16
130 132 25 1
131 133 44 9
131 303 47 13
132 133 42 19
132 134 30 12
133 177 23 5
134 235 25 15
134 281 31 8
135 136 22 18
135 137 31 9
136 138 43 2
136 240 17 15
137 139 34 17
137 168 26 15
137 236 42 14
137 263 49 15
138 285 46 4
139 140 48 19
139 141 26 7
140 245 37 9
140 356 49 8
141 255 40 16
142 143 19 10
142 144 48 14
143 190 18 16
144 145 18 11
144 146 40 4
144 283 20 10
144 324 39 17
145 147 41 9
145 300 19 10
146 147 43 3
146 208 36 18
146 247 38 12
146 370 48 9
147 148 37 14
147 149 43 16
147 281 44 12
148 149 42 9
148 193 17 6
148 207 16 1
149 184 48 19
149 199 43 15
150 151 34 9
150 236 31 16
150 313 46 13
150 357 46 18
151 152 27 16
152 154 16 19
152 269 20 10
152 330 33 8
153 154 49 2
153 155 43 14
153 206 38 9
154 394 32 2
155 229 48 16
155 377 24 11
156 332 21 6
157 158 24 13
157 159 42 10
157 218 18 14
158 215 48 6
158 285 25 17
158 389 29 4
159 194 29 16
159 209 37 18
159 214 41 5
160 161 41 9
160 367 44 15
161 162 18 18
161 163 28 12
161 209 20 17
162 163 19 3
162 214 42 5
163 164 47 18
163 165 41 9
163 282 36 13
164 262 29 14
164 346 19 15
165 213 40 11
165 229 42 16
165 237 23 19
166 168 26 13
166 233 24 13
167 168 39 4
168 368 35 4
168 383 25 4
169 260 21 1
170 171 38 7
170 172 20 4
170 176 30 5
170 246 19 1
170 262 38 15
171 172 33 2
171 173 32 11
172 174 47 18
172 301 27 1
172 377 37 5
173 183 24 5
173 316 47 1
174 175 22 2
174 248 42 15
175 278 27 2
177 178 33 4
178 180 27 4
178 293 25 14
179 181 31 8
179 253 34 12
180 181 39 12
180 182 45 6
180 194 36 16
181 182 21 2
182 183 18 11
182 184 20 13
183 185 41 1
183 255 34 4
183 378 29 15
184 185 17 13
184 186 18 6
184 375 33 9
185 186 21 6
185 187 45 16
186 188 31 18
186 261 23 18
186 285 23 5
187 188 38 16
187 189 45 13
187 245 19 5
188 313 43 13
189 190 39 6
189 191 43 4
189 330 29 16
189 360 26 5
190 191 48 15
190 192 46 18
190 252 28 9
192 193 31 15
192 194 22 1
192 331 47 16
193 194 37 10
193 288 22 5
194 255 43 6
195 196 16 8
195 197 16 12
195 234 34 5
195 316 24 4
195 375 43 2
195 390 24 9
196 317 16 8
196 339 27 7
197 334 17 7
198 248 31 15
198 272 20 19
198 363 33 19
199 201 37 17
199 299 37 18
199 310 30 17
200 232 43 11
201 325 21 19
202 203 21 8
203 204 48 7
203 205 29 4
204 205 39 3
204 374 43 17
205 207 46 1
205 238 27 15
206 296 19 1
206 329 32 19
207 208 36 9
207 209 35 3
207 262 48 19
207 351 22 6
208 279 44 5
208 389 48 13
210 212 34 5
210 235 23 16
210 367 25 12
211 311 49 9
212 213 37 5
212 265 44 1
213 214 16 5
213 215 19 3
214 215 20 5
215 262 34 16
216 217 16 10
216 332 41 15
216 393 19 2
217 219 33 14
217 221 24 13
217 314 48 4
217 380 38 6
217 391 20 15
218 219 42 13
219 295 47 18
219 330 38 4
219 382 39 4
220 222 34 11
221 373 47 3
222 223 19 15
222 380 21 3
223 224 48 9
223 225 20 2
223 359 37 19
225 321 38 19
225 373 35 11
226 232 35 5
226 348 34 16
226 358 34 9
227 228 33 4
228 230 20 18
229 253 37 2
229 353 21 9
229 396 44 16
229 397 25 18
230 231 20 15
232 234 35 8
232 268 17 12
232 297 22 8
232 305 28 16
233 234 48 17
233 235 32 4
233 309 39 4
235 237 26 19
235 303 37 10
236 269 28 3
236 283 48 12
237 238 32 15
237 323 41 13
237 382 21 17
238 239 43 16
238 240 21 18
239 398 22 7
240 391 37 8
241 250 36 14
242 250 19 10
243 244 30 12
243 245 21 3
243 274 30 10
243 292 39 13
243 342 49 18
243 385 42 12
244 245 30 9
244 246 25 7
244 273 46 14
245 377 49 19
246 248 29 11
246 340 24 19
247 248 43 11
247 266 28 6
247 268 18 13
247 301 46 4
248 250 36 3
249 259 30 17
250 306 26 4
250 321 17 3
251 253 43 2
252 254 34 6
253 254 38 12
254 256 45 14
254 275 36 7
256 258 45 4
256 335 39 2
257 263 42 8
257 264 33 5
257 362 38 14
257 387 20 12
258 260 41 6
258 314 26 14
258 370 32 13
259 260 47 15
260 261 25 12
260 262 43 12
261 263 42 19
261 351 48 9
261 359 18 12
261 371 46 19
263 286 32 10
263 318 23 12
263 326 45 7
264 389 41 11
265 266 20 19
266 267 26 11
267 268 31 4
267 269 47 16
267 337 36 8
268 270 18 15
269 310 47 9
269 354 27 5
269 373 30 18
270 271 32 11
270 272 36 18
271 308 47 4
271 318 19 10
271 345 46 6
271 387 28 1
272 273 46 5
272 274 48 18
272 320 47 5
273 274 24 11
273 312 47 15
274 276 33 5
274 296 38 10
274 382 18 16
274 385 34 10
275 277 29 8
275 347 45 9
276 277 32 4
276 358 27 15
277 278 17 15
277 279 18 16
278 369 32 14
278 375 16 14
279 280 47 19
280 281 28 15
280 282 37 12
281 283 30 19
283 369 30 4
283 386 20 11
284 285 28 11
285 287 29 7
285 347 47 7
285 389 38 2
287 288 20 17
288 289 37 15
289 305 32 13
289 335 36 12
290 291 29 19
290 364 32 6
291 293 27 19
291 322 43 19
292 325 33 4
293 295 39 15
294 295 29 18
294 296 22 9
295 393 18 9
297 299 29 1
297 394 24 3
298 299 43 15
299 300 48 14
299 338 24 14
300 306 27 14
301 302 49 13
302 303 41 7
302 304 44 11
302 320 49 12
302 371 23 8
303 305 18 17
304 305 47 6
304 306 42 14
305 307 32 2
305 356 47 16
306 308 25 11
306 388 18 8
307 308 17 8
307 309 20 18
307 352 24 17
308 310 47 2
309 387 49 9
310 312 17 17
310 391 16 8
311 313 25 6
311 329 45 2
312 314 39 11
313 314 37 9
313 324 45 11
315 317 46 8
315 395 47 12
316 317 47 9
317 318 46 12
317 319 48 17
318 368 20 5
319 320 20 9
319 321 21 12
321 322 42 6
321 323 19 16
323 324 28 6
323 332 49 4
324 396 25 14
325 327 43 8
325 397 49 7
326 328 34 19
327 329 29 14
327 356 29 19
327 357 43 5
327 360 29 10
328 329 41 9
328 381 40 15
328 383 20 9
330 331 16 12
330 341 39 5
330 384 26 4
331 332 47 18
332 333 30 18
332 363 44 5
333 334 22 16
334 336 48 19
336 337 18 1
336 338 39 4
337 338 25 10
338 340 22 10
339 380 45 7
341 342 27 7
342 343 36 10
343 344 16 14
343 350 34 13
344 346 27 18
346 348 24 7
347 348 36 10
349 351 33 17
350 351 17 13
350 352 47 9
351 353 27 18
354 355 47 6
354 374 19 1
361 362 27 14
362 363 44 4
362 367 21 6
363 365 37 19
364 366 44 3
364 392 17 2
365 367 35 19
366 368 25 2
366 370 49 9
367 368 38 4
368 370 16 1
368 372 48 1
369 371 32 4
369 372 31 5
370 371 17 4
372 374 43 3
373 375 39 4
374 375 46 11
376 377 23 8
377 379 49 9
378 379 31 9
379 380 42 7
379 393 43 9
381 382 44 4
381 383 34 16
389 391 19 16
392 393 31 14
394 396 25 6
395 396 21 6
396 398 48 17
397 399 44 2

0 12 8
1 17 6
2 49 9
3 70 3
4 87 5
5 101 7
6 114 7
7 115 6
8 146 8
9 156 8
10 159 1
11 204 5
12 247 7
13 284 1
14 356 5
15 361 3
16 394 6