97

127 0 24
149 1 71
121 2 42
36 3 122
22 4 115
135 5 101
63 6 70
147 7 85
25 8 200
31 9 49
84 10 79
54 11 73
144 148 12 4
147 148 12 30
17 44 148 12 6
135 140 148 12 2
106 148 12 6
50 13 43
69 14 73
11 15 61
85 16 103
77 74 73 72 17 8
57 16 73 72 17 23
77 74 72 17 3
77 72 17 21
46 40 72 17 21
20 18 170
158 19 31
107 20 52
11 14 47 48 21 1
66 47 48 21 20
99 100 2 48 21 4
57 48 21 33
128 22 145
98 23 16
126 24 168
99 25 33
30 26 85
37 27 95
158 159 28 40
17 18 29 45
20 18 29 11
129 30 45
121 120 31 23
123 32 79
157 33 27
131 34 55
49 35 130
81 36 101
61 37 62
36 32 38 48
97 39 94
137 40 74
114 41 103
17 42 194
142 43 28
89 44 192
87 45 68
103 46 134
4 47 73
60 48 98
67 49 47
46 50 83
139 51 119
58 52 18
57 53 113
20 9 8 54 21
57 8 54 2
65 55 27
56 56 163
63 91 93 134 57 2
128 93 134 57 31
149 38 134 57 6
83 58 97
59 59 68
144 60 49
77 71 75 61 1
142 71 75 61 3
57 16 73 75 61 4
57 5 7 73 75 61 4
126 5 7 73 75 61 13
77 74 75 61 1
142 71 76 75 61 1
77 74 76 75 61 10
126 125 76 75 61 5
77 75 61 11
78 62 30
155 63 100
106 64 118
77 65 55
45 66 35
108 67 80
61 79 68 24
20 79 68 18
124 69 8
66 70 94
51 71 18
