144

4 47 73
11 15 61
11 150 31 9 38
11 1 101 99 25 9
11 14 47 48 21 1
17 42 194
17 101 99 25 5
17 18 29 45
20 18 170
20 79 68 31
20 9 109 149 1 14
20 9 8 54 9
20 144 60 2
20 18 29 11
22 4 115
22 149 1 39
25 8 200
30 26 85
30 154 157 33 6
36 3 122
36 35 50 13 15
36 32 38 48
37 27 95
37 42 77 65 23
37 42 78 62 21
46 50 83
46 45 66 28
46 40 65 55 12
49 35 130
49 50 13 28
49 50 51 71 2
54 11 73
56 56 163
56 87 45 30
57 53 113
57 8 54 2
57 16 73 75 61 13
57 16 90 87 45 3
57 16 90 98 23 8
57 33 120 31 7
57 33 58 52 13
57 48 21 33
57 59 59 21
57 58 52 5
57 41 63 6 26
57 41 65 55 7
60 48 98
60 63 6 28
61 37 62
61 79 68 11
61 79 80 157 33 13
61 94 129 30 1
61 94 142 43 1
61 94 92 109 149 1 1
61 94 92 105 59 59 5
61 94 92 121 2 30
61 94 90 98 23 8
61 94 90 99 25 4
61 92 121 2 3
66 70 94
66 9 8 54 12
66 47 48 21 5
66 41 65 55 3
66 92 121 2 9
66 92 121 120 31 6
66 92 127 0 8
66 68 93 134 57 2
66 68 67 49 12
66 67 49 35
69 14 73
72 17 76
72 40 65 55 5
72 40 51 71 16
72 77 65 21
72 76 75 61 14
72 73 75 61 8
72 73 74 77 65 11
72 73 74 77 75 61 11
72 73 74 75 61 1
81 36 101
83 58 97
83 84 10 30
85 16 103
85 84 10 49
89 44 192
89 150 31 9 4
89 150 142 43 4
89 42 78 62 9
89 87 45 35
97 39 94
97 129 30 16
97 2 100 149 1 4
97 2 48 21 19
97 2 142 43 19
103 46 134
103 105 59 59 21
106 64 118
106 148 12 14
106 107 20 38
106 105 59 59 20
108 67 80
108 109 149 1 2
108 91 120 31 7
114 41 103
114 44 148 12 6
123 32 79
123 122 124 69 2
126 24 168
126 5 0 63 6 16
126 125 76 75 61 1
126 125 91 120 31 3
126 125 91 3 31 9 7
126 124 69 6
128 22 145
128 38 134 57 6
128 1 101 99 25 10
128 93 134 57 31
128 127 0 13
131 34 55
135 5 101
135 45 66 7
135 140 104 107 20 14
135 140 144 60 12
135 140 148 12 2
137 40 74
139 51 119
147 7 85
147 148 12 26
147 148 144 60 4
147 145 144 60 7
147 144 60 24
155 63 100
155 21 109 149 1 5
155 21 71 59 59 1
155 21 71 142 43 4
155 21 71 76 75 61 1
155 129 30 28
155 100 149 1 6
155 100 99 25 5
155 92 127 0 3
155 157 33 8
159 28 40
159 75 61 4
159 158 19 31
